0.000000000000000000e+00 1.013000000000000000e+03 2.450000000000000000e+19 2.996999999999999886e+02 2.593000000000000000e+04 3.300000000000000000e+02 2.869000000000000022e-02 3.200000000000000067e-01 1.499999999999999944e-01 1.699999999999999956e+00 2.090000000000000000e+05
1.000000000000000000e+00 9.040000000000000000e+02 2.231000000000000000e+19 2.936999999999999886e+02 1.949000000000000000e+04 3.300000000000000000e+02 3.150000000000000022e-02 3.200000000000000067e-01 1.449999999999999900e-01 1.699999999999999956e+00 2.090000000000000000e+05
2.000000000000000000e+00 8.050000000000000000e+02 2.028000000000000000e+19 2.876999999999999886e+02 1.534000000000000000e+04 3.300000000000000000e+02 3.341999999999999832e-02 3.200000000000000067e-01 1.398999999999999966e-01 1.699999999999999956e+00 2.090000000000000000e+05
3.000000000000000000e+00 7.150000000000000000e+02 1.827000000000000000e+19 2.836999999999999886e+02 8.600000000000000000e+03 3.300000000000000000e+02 3.504000000000000170e-02 3.200000000000000067e-01 1.348999999999999921e-01 1.699999999999999956e+00 2.090000000000000000e+05
4.000000000000000000e+00 6.330000000000000000e+02 1.656000000000000000e+19 2.770000000000000000e+02 4.441000000000000000e+03 3.300000000000000000e+02 3.561000000000000276e-02 3.200000000000000067e-01 1.312000000000000111e-01 1.699999999999999956e+00 2.090000000000000000e+05
5.000000000000000000e+00 5.590000000000000000e+02 1.499000000000000000e+19 2.703000000000000114e+02 3.346000000000000000e+03 3.300000000000000000e+02 3.767000000000000209e-02 3.200000000000000067e-01 1.302999999999999992e-01 1.699999999999999956e+00 2.090000000000000000e+05
6.000000000000000000e+00 4.920000000000000000e+02 1.353000000000000000e+19 2.636000000000000227e+02 2.101000000000000000e+03 3.300000000000000000e+02 3.989000000000000185e-02 3.200000000000000067e-01 1.287999999999999978e-01 1.699999999999999956e+00 2.090000000000000000e+05
7.000000000000000000e+00 4.320000000000000000e+02 1.218000000000000000e+19 2.570000000000000000e+02 1.289000000000000000e+03 3.300000000000000000e+02 4.222999999999999671e-02 3.200000000000000067e-01 1.247000000000000053e-01 1.699000000000000066e+00 2.090000000000000000e+05
8.000000000000000000e+00 3.780000000000000000e+02 1.095000000000000000e+19 2.503000000000000114e+02 7.637000000000000455e+02 3.300000000000000000e+02 4.470999999999999974e-02 3.200000000000000067e-01 1.184999999999999942e-01 1.697000000000000064e+00 2.090000000000000000e+05
9.000000000000000000e+00 3.290000000000000000e+02 9.789000000000000000e+18 2.435999999999999943e+02 4.098000000000000114e+02 3.300000000000000000e+02 5.000000000000000278e-02 3.195000000000000062e-01 1.093999999999999972e-01 1.693000000000000060e+00 2.090000000000000000e+05
1.000000000000000000e+01 2.860000000000000000e+02 8.747000000000000000e+18 2.370000000000000000e+02 1.911999999999999886e+02 3.300000000000000000e+02 5.594999999999999973e-02 3.179000000000000159e-01 9.962000000000000022e-02 1.685000000000000053e+00 2.090000000000000000e+05
1.100000000000000000e+01 2.470000000000000000e+02 7.780000000000000000e+18 2.300999999999999943e+02 7.306000000000000227e+01 3.300000000000000000e+02 6.612999999999999434e-02 3.140000000000000013e-01 8.963999999999999746e-02 1.675000000000000044e+00 2.090000000000000000e+05
1.200000000000000000e+01 2.130000000000000000e+02 6.904000000000000000e+18 2.235999999999999943e+02 2.905000000000000071e+01 3.300000000000000000e+02 7.814999999999999725e-02 3.094999999999999973e-01 7.814000000000000112e-02 1.661999999999999922e+00 2.090000000000000000e+05
1.300000000000000000e+01 1.820000000000000000e+02 6.079000000000000000e+18 2.170000000000000000e+02 9.900000000000000355e+00 3.300000000000000000e+02 9.289000000000000035e-02 3.048000000000000154e-01 6.374000000000000499e-02 1.645000000000000018e+00 2.090000000000000000e+05
1.400000000000000000e+01 1.560000000000000000e+02 5.377000000000000000e+18 2.103000000000000114e+02 6.219999999999999751e+00 3.300000000000000000e+02 1.049999999999999961e-01 2.998999999999999999e-01 5.025000000000000300e-02 1.625999999999999890e+00 2.090000000000000000e+05
1.500000000000000000e+01 1.320000000000000000e+02 4.697000000000000000e+18 2.036999999999999886e+02 4.000000000000000000e+00 3.300000000000000000e+02 1.255999999999999894e-01 2.943999999999999950e-01 3.941000000000000059e-02 1.604999999999999982e+00 2.090000000000000000e+05
1.600000000000000000e+01 1.110000000000000000e+02 4.084000000000000000e+18 1.970000000000000000e+02 3.000000000000000000e+00 3.300000000000000000e+02 1.444000000000000006e-01 2.877000000000000113e-01 3.068999999999999853e-02 1.582000000000000073e+00 2.090000000000000000e+05
1.700000000000000000e+01 9.370000000000000284e+01 3.486000000000000000e+18 1.948000000000000114e+02 2.899999999999999911e+00 3.300000000000000000e+02 2.500000000000000000e-01 2.782999999999999918e-01 2.488999999999999893e-02 1.552999999999999936e+00 2.090000000000000000e+05
1.800000000000000000e+01 7.890000000000000568e+01 2.877000000000000000e+18 1.988000000000000114e+02 2.750000000000000000e+00 3.300000000000000000e+02 5.000000000000000000e-01 2.671000000000000041e-01 1.966000000000000039e-02 1.520999999999999908e+00 2.090000000000000000e+05
1.900000000000000000e+01 6.659999999999999432e+01 2.381000000000000000e+18 2.026999999999999886e+02 2.600000000000000089e+00 3.300000000000000000e+02 9.499999999999999556e-01 2.526999999999999802e-01 1.549000000000000030e-02 1.479999999999999982e+00 2.090000000000000000e+05
2.000000000000000000e+01 5.650000000000000000e+01 1.981000000000000000e+18 2.066999999999999886e+02 2.600000000000000089e+00 3.300000000000000000e+02 1.399999999999999911e+00 2.364999999999999880e-01 1.331000000000000065e-02 1.423999999999999932e+00 2.090000000000000000e+05
2.100000000000000000e+01 4.800000000000000000e+01 1.651000000000000000e+18 2.106999999999999886e+02 2.649999999999999911e+00 3.300000000000000000e+02 1.800000000000000044e+00 2.194000000000000117e-01 1.231999999999999935e-02 1.354999999999999982e+00 2.090000000000000000e+05
2.200000000000000000e+01 4.089999999999999858e+01 1.381000000000000000e+18 2.145999999999999943e+02 2.799999999999999822e+00 3.300000000000000000e+02 2.399999999999999911e+00 2.051000000000000045e-01 1.231999999999999935e-02 1.272000000000000020e+00 2.090000000000000000e+05
2.300000000000000000e+01 3.500000000000000000e+01 1.169000000000000000e+18 2.170000000000000000e+02 2.899999999999999911e+00 3.300000000000000000e+02 3.399999999999999911e+00 1.967000000000000137e-01 1.307000000000000002e-02 1.191000000000000059e+00 2.090000000000000000e+05
2.400000000000000000e+01 3.000000000000000000e+01 9.920000000000000000e+17 2.191999999999999886e+02 3.200000000000000178e+00 3.300000000000000000e+02 4.299999999999999822e+00 1.875000000000000000e-01 1.400000000000000029e-02 1.118000000000000105e+00 2.090000000000000000e+05
2.500000000000000000e+01 2.569999999999999929e+01 8.413000000000000000e+17 2.214000000000000057e+02 3.250000000000000000e+00 3.300000000000000000e+02 5.400000000000000355e+00 1.756000000000000061e-01 1.520999999999999956e-02 1.054999999999999938e+00 2.090000000000000000e+05
2.750000000000000000e+01 1.762999999999999901e+01 5.629000000000000000e+17 2.270000000000000000e+02 3.600000000000000089e+00 3.300000000000000000e+02 7.799999999999999822e+00 1.587999999999999967e-01 1.721999999999999920e-02 9.869999999999999885e-01 2.090000000000000000e+05
3.000000000000000000e+01 1.219999999999999929e+01 3.807000000000000000e+17 2.323000000000000114e+02 4.000000000000000000e+00 3.300000000000000000e+02 9.300000000000000711e+00 1.416000000000000036e-01 1.994999999999999898e-02 9.135999999999999677e-01 2.090000000000000000e+05
3.250000000000000000e+01 8.519999999999999574e+00 2.598000000000000000e+17 2.376999999999999886e+02 4.299999999999999822e+00 3.300000000000000000e+02 9.849999999999999645e+00 1.165000000000000063e-01 2.265999999999999959e-02 8.299999999999999600e-01 2.090000000000000000e+05
3.500000000000000000e+01 6.000000000000000000e+00 1.789000000000000000e+17 2.430999999999999943e+02 4.599999999999999645e+00 3.300000000000000000e+02 9.699999999999999289e+00 9.274999999999999911e-02 2.486999999999999975e-02 7.459999999999999964e-01 2.090000000000000000e+05
3.750000000000000000e+01 4.259999999999999787e+00 1.243000000000000000e+17 2.485000000000000000e+02 4.900000000000000355e+00 3.300000000000000000e+02 8.800000000000000711e+00 6.693000000000000338e-02 2.738000000000000156e-02 6.618000000000000549e-01 2.090000000000000000e+05
4.000000000000000000e+01 3.049999999999999822e+00 8.703000000000000000e+16 2.540000000000000000e+02 5.200000000000000178e+00 3.300000000000000000e+02 7.500000000000000000e+00 4.513000000000000345e-02 3.098000000000000059e-02 5.637999999999999678e-01 2.090000000000000000e+05
4.250000000000000000e+01 2.200000000000000178e+00 6.147000000000000000e+16 2.593999999999999773e+02 5.500000000000000000e+00 3.300000000000000000e+02 5.900000000000000355e+00 2.750999999999999973e-02 3.509999999999999926e-02 4.613999999999999768e-01 2.090000000000000000e+05
4.500000000000000000e+01 1.590000000000000080e+00 4.352000000000000000e+16 2.648000000000000114e+02 5.700000000000000178e+00 3.300000000000000000e+02 4.500000000000000000e+00 1.591000000000000053e-02 3.987000000000000266e-02 3.630999999999999783e-01 2.090000000000000000e+05
4.750000000000000000e+01 1.159999999999999920e+00 3.119000000000000000e+16 2.696000000000000227e+02 5.900000000000000355e+00 3.300000000000000000e+02 3.450000000000000178e+00 9.377999999999999184e-03 4.481999999999999873e-02 2.772999999999999909e-01 2.090000000000000000e+05
5.000000000000000000e+01 8.539999999999999813e-01 2.291000000000000000e+16 2.701999999999999886e+02 6.000000000000000000e+00 3.300000000000000000e+02 2.799999999999999822e+00 4.752000000000000147e-03 5.091999999999999998e-02 2.099999999999999922e-01 2.090000000000000000e+05
5.500000000000000000e+01 4.560000000000000164e-01 1.255000000000000000e+16 2.633999999999999773e+02 6.000000000000000000e+00 3.300000000000000000e+02 1.800000000000000044e+00 3.000000000000000062e-03 5.985000000000000042e-02 1.650999999999999968e-01 2.090000000000000000e+05
6.000000000000000000e+01 2.389999999999999902e-01 6.844000000000000000e+15 2.530999999999999943e+02 6.000000000000000000e+00 3.300000000000000000e+02 1.100000000000000089e+00 2.064999999999999995e-03 6.959999999999999520e-02 1.499999999999999944e-01 2.090000000000000000e+05
6.500000000000000000e+01 1.209999999999999964e-01 3.716000000000000000e+15 2.360000000000000000e+02 5.400000000000000355e+00 3.300000000000000000e+02 6.500000000000000222e-01 1.507000000000000093e-03 9.188000000000000334e-02 1.499999999999999944e-01 2.090000000000000000e+05
7.000000000000000000e+01 5.800000000000000294e-02 1.920000000000000000e+15 2.189000000000000057e+02 4.500000000000000000e+00 3.300000000000000000e+02 2.999999999999999889e-01 1.149000000000000065e-03 1.938000000000000000e-01 1.499999999999999944e-01 2.090000000000000000e+05
7.500000000000000000e+01 2.599999999999999881e-02 9.338000000000000000e+14 2.018000000000000114e+02 3.299999999999999822e+00 3.300000000000000000e+02 1.799999999999999933e-01 8.890000000000000333e-04 5.687999999999999723e-01 1.499999999999999944e-01 2.090000000000000000e+05
8.000000000000000000e+01 1.099999999999999936e-02 4.314000000000000000e+14 1.848000000000000114e+02 2.100000000000000089e+00 3.280000000000000000e+02 3.300000000000000155e-01 7.056000000000000206e-04 1.548999999999999932e+00 1.499999999999999944e-01 2.090000000000000000e+05
8.500000000000000000e+01 4.400000000000000265e-03 1.801000000000000000e+14 1.770999999999999943e+02 1.300000000000000044e+00 3.200000000000000000e+02 5.000000000000000000e-01 5.716000000000000161e-04 3.849000000000000199e+00 1.499999999999999944e-01 2.000000000000000000e+05
9.000000000000000000e+01 1.719999999999999958e-03 7.043000000000000000e+13 1.770000000000000000e+02 8.499999999999999778e-01 3.100000000000000000e+02 5.200000000000000178e-01 4.708000000000000054e-04 6.589999999999999858e+00 1.400000000000000133e-01 1.900000000000000000e+05
9.500000000000000000e+01 6.880000000000000265e-04 2.706000000000000000e+13 1.843000000000000114e+02 5.400000000000000355e-01 2.700000000000000000e+02 5.000000000000000000e-01 3.932000000000000165e-04 1.043999999999999950e+01 1.300000000000000044e-01 1.800000000000000000e+05
1.000000000000000000e+02 2.889999999999999774e-04 1.098000000000000000e+13 1.906999999999999886e+02 4.000000000000000222e-01 1.950000000000000000e+02 4.000000000000000222e-01 3.322999999999999999e-04 1.705000000000000071e+01 1.199999999999999956e-01 1.600000000000000000e+05
1.050000000000000000e+02 1.299999999999999886e-04 4.445000000000000000e+12 2.120000000000000000e+02 3.400000000000000244e-01 1.100000000000000000e+02 2.000000000000000111e-01 2.837000000000000112e-04 2.471000000000000085e+01 1.100000000000000006e-01 1.400000000000000000e+05
1.100000000000000000e+02 6.470000000000000057e-05 1.941000000000000000e+12 2.415999999999999943e+02 2.800000000000000266e-01 6.000000000000000000e+01 5.000000000000000278e-02 2.442999999999999751e-04 3.357999999999999829e+01 9.500000000000000111e-02 1.200000000000000000e+05
1.150000000000000000e+02 3.600000000000000091e-05 8.706000000000000000e+11 2.996999999999999886e+02 2.399999999999999911e-01 4.000000000000000000e+01 5.000000000000000104e-03 2.120000000000000031e-04 4.147999999999999687e+01 5.999999999999999778e-02 9.400000000000000000e+04
1.200000000000000000e+02 2.250000000000000142e-05 4.225000000000000000e+11 3.800000000000000000e+02 2.000000000000000111e-01 3.500000000000000000e+01 5.000000000000000104e-04 1.850999999999999998e-04 5.000000000000000000e+01 2.999999999999999889e-02 7.250000000000000000e+04
