1.100000000000000000e+01 2.223507999999999996e+01 1.333999999999999983e-14 2.172000000000000153e+00 2.740000000000000213e+00 7.600000000000000089e-01 1.363000000000000078e+01 1.199999999999999956e+00 -3.300000000000000155e-02 2.600000000000000089e+00 8.139999999999999458e-01 0.000000000000000000e+00 0.000000000000000000e+00 0.000000000000000000e+00 4.349999999999999978e-01 0.000000000000000000e+00 1.909999999999999920e+00 0.000000000000000000e+00 0.000000000000000000e+00 0.000000000000000000e+00
1.100000000000000000e+01 1.833100870000000100e+02 2.319000000000000115e-12 6.770000000000000462e-01 3.032999999999999918e+00 6.199999999999999956e-01 1.500999999999999979e+01 8.199999999999999512e-01 -7.399999999999999634e-02 1.800000000000000044e+00 1.360000000000000098e-01 9.799999999999999822e-01 0.000000000000000000e+00 1.259999999999999964e+01 4.069999999999999729e-01 4.119999999999999774e-01 1.459999999999999964e+00 5.709999999999999520e-01 -1.600000000000000033e-02 1.600000000000000033e-01
1.100000000000000000e+01 3.212256300000000238e+02 7.653999999999999496e-14 6.261999999999999567e+00 2.426000000000000156e+00 7.299999999999999822e-01 1.065000000000000036e+01 5.400000000000000355e-01 -1.429999999999999882e-01 0.000000000000000000e+00 2.780000000000000249e-01 0.000000000000000000e+00 0.000000000000000000e+00 0.000000000000000000e+00 0.000000000000000000e+00 0.000000000000000000e+00 0.000000000000000000e+00 0.000000000000000000e+00 0.000000000000000000e+00 0.000000000000000000e+00
1.100000000000000000e+01 3.251528880000000186e+02 2.720000000000000123e-12 1.560999999999999943e+00 2.846999999999999975e+00 6.400000000000000133e-01 1.394999999999999929e+01 7.399999999999999911e-01 -1.299999999999999940e-02 0.000000000000000000e+00 1.324999999999999956e+00 0.000000000000000000e+00 0.000000000000000000e+00 0.000000000000000000e+00 0.000000000000000000e+00 0.000000000000000000e+00 0.000000000000000000e+00 0.000000000000000000e+00 0.000000000000000000e+00 0.000000000000000000e+00
1.100000000000000000e+01 3.801973530000000210e+02 2.476000000000000032e-11 1.062000000000000055e+00 2.867999999999999883e+00 5.400000000000000355e-01 1.440000000000000036e+01 8.900000000000000133e-01 -7.399999999999999634e-02 0.000000000000000000e+00 2.399999999999999911e-01 0.000000000000000000e+00 0.000000000000000000e+00 0.000000000000000000e+00 0.000000000000000000e+00 0.000000000000000000e+00 0.000000000000000000e+00 0.000000000000000000e+00 0.000000000000000000e+00 0.000000000000000000e+00
1.100000000000000000e+01 4.391508069999999861e+02 2.136000000000000188e-12 3.642999999999999794e+00 2.055000000000000160e+00 6.899999999999999467e-01 9.060000000000000497e+00 5.200000000000000178e-01 5.099999999999999672e-02 0.000000000000000000e+00 1.650000000000000078e-01 0.000000000000000000e+00 0.000000000000000000e+00 0.000000000000000000e+00 0.000000000000000000e+00 0.000000000000000000e+00 0.000000000000000000e+00 0.000000000000000000e+00 0.000000000000000000e+00 0.000000000000000000e+00
1.100000000000000000e+01 4.430183430000000158e+02 4.439999999999999761e-13 5.115999999999999659e+00 1.818999999999999950e+00 6.999999999999999556e-01 7.959999999999999964e+00 5.000000000000000000e-01 1.400000000000000133e-01 0.000000000000000000e+00 -2.290000000000000091e-01 0.000000000000000000e+00 0.000000000000000000e+00 0.000000000000000000e+00 0.000000000000000000e+00 0.000000000000000000e+00 0.000000000000000000e+00 0.000000000000000000e+00 0.000000000000000000e+00 0.000000000000000000e+00
1.100000000000000000e+01 4.480010849999999891e+02 2.587000000000000023e-11 1.423999999999999932e+00 2.612000000000000099e+00 6.999999999999999556e-01 1.300999999999999979e+01 6.700000000000000400e-01 -1.160000000000000059e-01 0.000000000000000000e+00 -6.149999999999999911e-01 0.000000000000000000e+00 0.000000000000000000e+00 0.000000000000000000e+00 0.000000000000000000e+00 0.000000000000000000e+00 0.000000000000000000e+00 0.000000000000000000e+00 0.000000000000000000e+00 0.000000000000000000e+00
1.100000000000000000e+01 4.708889990000000125e+02 8.192999999999999522e-13 3.645000000000000018e+00 2.169000000000000039e+00 7.299999999999999822e-01 9.699999999999999289e+00 6.500000000000000222e-01 6.099999999999999867e-02 0.000000000000000000e+00 -4.650000000000000244e-01 0.000000000000000000e+00 0.000000000000000000e+00 0.000000000000000000e+00 0.000000000000000000e+00 0.000000000000000000e+00 0.000000000000000000e+00 0.000000000000000000e+00 0.000000000000000000e+00 0.000000000000000000e+00
1.100000000000000000e+01 4.746890920000000165e+02 3.267999999999999807e-12 2.411000000000000032e+00 2.366000000000000103e+00 7.099999999999999645e-01 1.124000000000000021e+01 6.400000000000000133e-01 -2.699999999999999969e-02 0.000000000000000000e+00 -7.199999999999999734e-01 0.000000000000000000e+00 0.000000000000000000e+00 0.000000000000000000e+00 0.000000000000000000e+00 0.000000000000000000e+00 0.000000000000000000e+00 0.000000000000000000e+00 0.000000000000000000e+00 0.000000000000000000e+00
1.100000000000000000e+01 4.884901080000000206e+02 6.627999999999999627e-13 2.890000000000000124e+00 2.616000000000000103e+00 7.500000000000000000e-01 1.358000000000000007e+01 7.199999999999999734e-01 -6.500000000000000222e-02 0.000000000000000000e+00 -3.599999999999999867e-01 0.000000000000000000e+00 0.000000000000000000e+00 0.000000000000000000e+00 0.000000000000000000e+00 0.000000000000000000e+00 0.000000000000000000e+00 0.000000000000000000e+00 0.000000000000000000e+00 0.000000000000000000e+00
1.100000000000000000e+01 5.569359849999999597e+02 1.569999999999999955e-09 1.610000000000000042e-01 3.115000000000000213e+00 7.500000000000000000e-01 1.424000000000000021e+01 1.000000000000000000e+00 1.869999999999999996e-01 0.000000000000000000e+00 -1.693000000000000060e+00 0.000000000000000000e+00 0.000000000000000000e+00 0.000000000000000000e+00 0.000000000000000000e+00 0.000000000000000000e+00 0.000000000000000000e+00 0.000000000000000000e+00 0.000000000000000000e+00 0.000000000000000000e+00
1.100000000000000000e+01 6.207008070000000544e+02 1.699999999999999946e-11 2.423000000000000043e+00 2.467999999999999972e+00 7.900000000000000355e-01 1.193999999999999950e+01 7.500000000000000000e-01 1.000000000000000021e-03 0.000000000000000000e+00 6.870000000000000551e-01 9.200000000000000400e-01 0.000000000000000000e+00 0.000000000000000000e+00 0.000000000000000000e+00 0.000000000000000000e+00 0.000000000000000000e+00 0.000000000000000000e+00 0.000000000000000000e+00 0.000000000000000000e+00
1.100000000000000000e+01 6.580060720000000174e+02 9.026999999999999805e-13 7.921000000000000263e+00 3.153999999999999915e+00 7.299999999999999822e-01 1.383999999999999986e+01 1.000000000000000000e+00 1.759999999999999898e-01 0.000000000000000000e+00 -1.495999999999999996e+00 0.000000000000000000e+00 0.000000000000000000e+00 0.000000000000000000e+00 0.000000000000000000e+00 0.000000000000000000e+00 0.000000000000000000e+00 0.000000000000000000e+00 0.000000000000000000e+00 0.000000000000000000e+00
1.100000000000000000e+01 7.520331129999999575e+02 1.035000000000000045e-09 4.020000000000000240e-01 3.113999999999999879e+00 7.700000000000000178e-01 1.358000000000000007e+01 8.399999999999999689e-01 1.620000000000000051e-01 0.000000000000000000e+00 -8.780000000000000027e-01 0.000000000000000000e+00 0.000000000000000000e+00 0.000000000000000000e+00 0.000000000000000000e+00 0.000000000000000000e+00 0.000000000000000000e+00 0.000000000000000000e+00 0.000000000000000000e+00 0.000000000000000000e+00
1.100000000000000000e+01 8.599656079999999747e+02 5.705000000000000430e-13 8.163000000000000256e+00 3.120999999999999996e+00 7.600000000000000089e-01 1.408000000000000007e+01 7.600000000000000089e-01 5.000000000000000104e-03 0.000000000000000000e+00 0.000000000000000000e+00 0.000000000000000000e+00 0.000000000000000000e+00 0.000000000000000000e+00 0.000000000000000000e+00 0.000000000000000000e+00 0.000000000000000000e+00 0.000000000000000000e+00 0.000000000000000000e+00 0.000000000000000000e+00
1.100000000000000000e+01 9.161715819999999439e+02 4.272000000000000215e-11 1.461000000000000076e+00 2.694999999999999840e+00 7.900000000000000355e-01 1.355000000000000071e+01 4.799999999999999822e-01 -1.000000000000000021e-03 0.000000000000000000e+00 5.210000000000000187e-01 4.699999999999999734e-01 0.000000000000000000e+00 0.000000000000000000e+00 0.000000000000000000e+00 0.000000000000000000e+00 0.000000000000000000e+00 0.000000000000000000e+00 0.000000000000000000e+00 0.000000000000000000e+00
1.100000000000000000e+01 9.703150450000000546e+02 4.805999999999999999e-11 1.943999999999999950e+00 2.573999999999999844e+00 6.999999999999999556e-01 2.594999999999999929e+01 6.999999999999999556e-01 -3.000000000000000062e-03 0.000000000000000000e+00 0.000000000000000000e+00 0.000000000000000000e+00 0.000000000000000000e+00 0.000000000000000000e+00 0.000000000000000000e+00 0.000000000000000000e+00 0.000000000000000000e+00 0.000000000000000000e+00 0.000000000000000000e+00 0.000000000000000000e+00
1.100000000000000000e+01 9.879268029999999499e+02 7.528000000000000267e-10 2.610000000000000098e-01 2.975999999999999979e+00 7.500000000000000000e-01 1.434999999999999964e+01 7.500000000000000000e-01 -2.000000000000000042e-03 0.000000000000000000e+00 0.000000000000000000e+00 0.000000000000000000e+00 0.000000000000000000e+00 0.000000000000000000e+00 0.000000000000000000e+00 0.000000000000000000e+00 0.000000000000000000e+00 0.000000000000000000e+00 0.000000000000000000e+00 0.000000000000000000e+00
